918 50

0 1 21
23 38 45
1 32 82
8 31 50
27 36 45
22 48 77
26 27 39
12 38 1
36 39 42
28 42 11
0 21 48
43 48 82
15 40 79
33 36 33
19 41 47
4 38 6
16 42 2
30 39 32
5 24 31
14 40 55
29 48 97
30 33 63
17 34 40
22 42 61
5 49 75
18 33 40
35 36 55
7 44 45
31 36 28
12 42 87
24 28 46
17 19 23
14 24 86
7 20 14
29 34 37
17 24 37
15 44 28
33 39 24
0 47 40
40 46 94
18 37 43
29 35 64
8 33 35
23 46 69
12 48 19
14 16 89
23 27 31
9 17 55
15 34 63
17 37 56
5 30 88
18 41 33
1 43 4
5 28 41
9 18 48
19 20 24
11 24 94
21 33 65
33 35 39
17 23 3
9 29 76
12 16 52
17 20 4
0 27 53
40 47 6
30 49 76
28 40 37
18 42 5
5 27 13
45 48 35
34 48 46
8 19 71
22 47 84
4 39 16
0 32 47
2 47 19
9 45 59
37 44 80
18 31 5
18 27 56
0 39 9
43 49 25
11 26 26
3 6 26
4 18 97
32 49 60
18 28 17
21 32 47
19 22 10
12 22 67
29 44 3
38 47 92
26 35 5
38 49 50
15 16 45
7 13 90
21 46 25
18 46 74
35 48 33
9 21 78
2 42 95
23 40 92
11 42 84
28 35 33
0 7 39
29 30 35
9 11 51
14 37 2
4 25 59
4 6 4
28 43 49
1 35 44
5 11 5
10 25 10
8 10 5
15 25 29
32 39 74
22 32 11
3 15 55
19 42 75
2 3 62
40 48 92
30 47 76
11 47 4
8 35 20
40 44 32
20 35 86
22 30 63
30 34 34
26 34 10
20 46 96
16 27 21
16 28 70
37 45 90
11 13 49
24 36 66
6 32 19
12 29 51
28 36 38
10 35 26
28 32 73
22 26 66
5 48 15
27 42 38
15 32 67
0 14 41
2 7 7
18 21 64
6 22 27
10 21 88
6 30 45
2 43 37
15 31 42
42 49 52
8 37 10
2 33 59
40 49 28
10 44 62
0 29 15
13 24 85
11 12 71
37 41 42
17 43 20
32 35 25
3 31 28
0 33 32
16 22 11
9 43 43
6 26 88
16 31 51
34 41 18
25 44 33
9 48 55
35 37 87
11 32 26
34 42 42
24 44 58
5 14 11
23 49 37
15 22 99
30 48 43
17 33 3
28 45 42
1 31 47
14 47 84
3 8 11
14 18 76
20 24 16
16 47 29
36 46 13
9 40 89
15 46 51
9 31 22
21 39 92
0 12 19
8 15 20
6 17 56
7 47 28
2 40 5
14 36 15
13 41 56
24 29 81
23 35 25
30 31 95
4 42 55
0 44 93
5 33 77
6 42 46
13 40 83
13 45 66
28 31 21
8 24 28
20 40 11
21 49 68
16 26 71
14 21 1
21 25 73
27 43 96
6 41 69
11 33 68
10 32 20
41 47 63
19 43 42
0 17 42
24 45 19
11 23 38
34 40 31
30 41 68
2 46 41
16 25 1
3 40 48
44 45 26
3 37 79
15 38 52
38 45 14
8 45 26
48 49 19
6 47 18
7 37 38
24 30 23
1 48 1
22 36 18
19 37 8
11 45 79
1 14 13
21 36 11
27 31 29
24 40 80
1 5 36
10 31 96
32 38 4
22 49 43
7 23 97
8 42 5
2 4 74
4 10 25
42 43 39
33 47 19
32 44 16
4 21 71
7 33 61
21 22 77
16 39 21
21 47 98
28 44 58
1 21 25
29 37 62
5 42 66
45 46 88
39 48 9
45 47 44
27 41 30
6 46 12
9 37 34
23 36 66
18 25 21
17 30 29
1 18 65
16 21 86
20 34 52
16 20 50
17 44 55
32 41 20
8 48 99
9 28 52
16 34 38
18 19 64
31 33 48
19 30 10
2 17 32
11 41 52
2 20 58
46 48 97
16 37 3
7 41 80
9 19 40
43 45 46
1 20 27
26 33 67
3 45 95
31 45 7
19 45 19
6 28 10
12 13 10
5 12 66
1 16 42
3 21 88
1 30 51
13 33 36
11 49 77
15 42 85
22 41 67
7 25 40
5 18 78
44 46 77
8 43 36
12 15 72
23 31 72
2 8 56
37 39 47
6 23 2
11 27 37
13 18 46
19 28 96
1 23 25
4 27 21
13 42 53
2 37 44
9 35 37
10 24 44
5 22 52
24 35 25
3 7 8
19 40 13
34 37 16
29 38 88
7 48 59
8 22 29
20 45 88
16 35 4
18 39 7
37 43 98
25 48 37
41 43 61
20 44 75
11 14 31
0 6 56
40 45 78
18 29 43
17 31 26
9 27 71
24 41 39
38 42 36
3 23 48
4 46 19
17 38 86
25 43 15
3 27 93
15 21 37
41 42 86
0 42 75
28 37 19
3 12 57
12 33 4
5 20 26
21 30 63
1 47 17
34 47 76
10 30 33
9 12 41
7 24 4
33 46 47
12 49 14
35 47 95
16 43 30
12 41 51
33 37 72
1 10 36
10 41 61
30 44 94
18 35 48
22 27 28
29 40 98
8 27 29
26 40 79
8 39 44
8 18 20
35 43 63
9 38 36
31 43 88
33 40 8
16 46 32
13 26 53
12 18 55
34 46 49
32 47 13
15 28 93
9 26 55
1 6 42
22 25 68
0 45 78
24 32 84
33 44 87
11 25 82
22 38 23
18 40 39
5 25 18
24 38 42
38 43 95
8 17 76
31 37 17
4 26 80
21 31 66
4 31 14
33 38 99
15 18 1
20 48 43
4 47 57
42 44 16
4 12 99
21 44 56
38 40 81
11 36 4
23 43 23
4 33 6
16 18 16
13 17 12
5 10 67
9 33 37
3 19 78
11 43 86
5 13 45
41 45 32
15 20 24
2 5 24
2 28 49
9 44 98
0 38 11
0 5 32
10 38 22
15 26 55
4 41 94
15 27 71
17 36 71
23 39 73
5 38 32
6 16 12
7 17 28
12 28 88
21 48 85
34 36 96
43 44 95
9 23 35
9 30 61
3 42 42
47 48 90
21 28 18
4 45 24
25 29 56
19 47 18
9 47 80
32 42 37
37 49 23
13 28 69
30 42 76
11 37 84
14 45 12
35 42 16
3 46 3
22 28 3
15 33 72
4 8 64
21 27 9
10 20 94
8 20 93
20 30 34
21 29 42
22 37 38
15 49 40
20 27 67
12 26 21
15 43 81
1 33 76
23 34 91
14 17 35
2 30 22
3 36 9
24 49 51
7 35 22
10 27 61
17 29 11
15 45 47
14 22 47
20 23 40
15 17 93
33 41 89
26 29 44
13 25 50
7 34 72
31 40 90
1 8 92
46 49 15
12 40 12
19 21 23
7 39 62
0 40 34
2 12 75
8 44 68
5 35 42
13 37 97
36 49 61
12 44 58
21 26 96
14 23 58
12 46 87
39 41 60
0 30 11
41 44 70
39 49 62
5 9 2
23 33 93
7 15 65
11 46 29
19 36 77
37 38 54
5 32 7
32 40 11
16 36 39
17 18 9
3 25 63
8 14 54
1 24 12
2 45 25
5 41 58
23 29 95
9 36 42
4 19 66
6 36 36
1 39 29
15 19 13
36 43 39
13 14 85
8 29 28
25 36 26
6 48 15
24 48 91
16 38 87
27 35 8
2 26 18
9 24 21
22 45 36
3 24 27
13 16 61
34 39 41
14 39 83
12 23 60
9 15 16
8 49 68
7 45 61
28 30 33
2 39 97
8 38 29
34 43 23
6 29 54
1 40 49
1 41 53
11 20 39
26 45 46
5 37 20
23 42 80
13 48 88
7 36 37
23 44 99
22 31 88
4 32 59
28 41 79
7 11 23
10 12 11
15 39 53
3 49 78
10 45 3
36 44 96
3 29 28
13 35 93
9 42 92
13 39 46
20 33 69
37 42 82
24 31 44
3 28 65
4 40 5
20 39 75
2 49 80
5 26 7
16 48 66
11 31 27
1 7 16
19 33 26
19 31 31
17 47 45
12 37 66
13 49 8
14 20 12
6 31 45
25 38 81
12 39 96
31 46 52
14 30 12
19 49 16
25 41 9
5 47 83
41 46 46
20 21 18
14 42 33
2 11 16
35 46 54
33 34 9
3 47 99
1 15 6
23 24 67
43 47 50
4 29 43
18 23 68
25 31 49
37 40 75
23 47 20
21 42 95
24 39 72
5 15 70
13 44 17
18 48 31
4 34 34
8 25 99
7 42 14
15 48 77
35 40 76
2 29 42
9 34 14
25 47 69
11 34 2
13 30 35
13 22 37
21 35 1
0 34 20
15 37 3
32 45 72
3 35 43
20 26 45
13 46 74
5 16 80
28 33 32
6 9 70
3 38 37
1 36 60
31 47 55
1 13 26
8 36 46
27 45 47
6 40 43
16 24 68
10 48 53
20 38 74
4 14 72
37 47 89
24 34 59
7 18 59
29 39 85
17 28 6
31 48 37
11 15 55
20 42 50
41 49 11
13 36 67
22 29 7
39 42 48
1 38 47
10 11 1
0 22 66
11 39 31
12 20 88
27 28 4
44 48 27
26 48 9
6 49 83
19 48 9
1 49 85
7 14 39
33 49 61
26 39 5
11 21 31
46 47 64
4 7 27
30 45 6
0 19 52
22 33 59
27 34 75
0 24 27
16 49 60
40 43 59
6 18 41
47 49 17
0 25 40
32 43 4
20 25 86
24 25 48
29 49 85
5 40 92
5 39 6
22 23 48
9 20 77
14 35 66
30 38 86
7 32 52
27 30 34
1 26 20
17 41 31
22 40 65
9 39 93
15 23 64
40 42 91
6 33 10
23 30 69
11 18 34
5 6 94
8 11 63
28 49 19
5 29 66
3 32 42
8 12 40
23 48 95
12 47 40
7 29 23
0 8 29
1 25 1
18 20 11
17 46 59
7 31 61
12 34 5
2 31 19
13 15 9
0 20 80
7 49 75
10 22 13
6 10 33
19 38 30
33 42 61
7 38 70
38 41 73
7 16 2
2 22 72
9 46 48
22 44 41
1 2 67
10 43 23
26 36 50
10 19 52
4 17 59
4 35 51
12 30 41
4 11 17
1 12 75
17 27 1
19 44 96
25 32 29
21 38 19
20 49 77
9 49 27
30 40 44
16 17 33
1 29 53
7 30 38
18 47 6
6 37 29
3 34 42
30 32 4
11 44 98
35 49 87
0 15 23
16 30 86
27 44 4
21 34 11
0 48 16
3 48 81
31 35 19
10 26 30
0 36 9
7 26 35
28 46 15
43 46 24
27 40 31
35 45 5
7 10 19
0 9 61
42 45 69
10 16 18
39 44 71
25 40 28
11 22 19
17 42 73
19 39 42
2 48 41
2 16 76
25 34 79
15 41 75
27 48 23
29 36 67
6 15 44
25 46 43
29 46 26
27 32 94
3 44 19
20 47 51
26 28 84
32 36 29
3 39 23
21 45 15
29 47 95
11 19 5
20 28 28
25 37 29
0 28 83
33 48 57
10 42 47
2 13 48
39 47 70
4 28 59
36 41 10
0 35 93
7 43 93
31 41 86
12 36 49
7 19 36
13 21 7
13 47 84
6 35 96
18 22 39
16 40 85
36 47 49
4 37 12
13 38 9
15 47 90
34 44 11
1 45 37
20 22 75
30 43 8
19 24 24
16 41 8
41 48 5
0 10 10
25 30 47
6 8 93
5 19 82
4 23 62
4 24 29
14 31 34
0 31 88
3 14 21
18 38 82
14 41 8
15 29 78
27 33 54
11 16 48
14 38 24
20 31 95
45 49 99
3 4 43
1 42 63
13 43 44
1 44 41
2 18 97
23 37 55
17 45 22
8 46 76
0 23 67
8 13 34
35 41 77
3 5 68
15 30 27
38 46 39
11 30 51
12 45 66
25 28 34
0 16 19
19 23 91
11 17 80
28 47 63
1 4 96
14 15 10
14 19 83
0 2 15
5 43 64
0 13 38
0 46 38
17 21 82
19 32 37
2 19 72
2 23 36
19 27 77
21 23 78
3 22 75
39 40 8
16 32 29
17 25 97
16 19 97
10 18 24
33 43 16
9 22 24
2 15 87
34 35 41
13 23 70
3 9 92
36 40 99
2 25 6
0 37 20
27 46 9
26 32 9
13 20 55
31 32 81
